510891975915924
389299934151971
131018789586219
126348294004944
170505544999110
759760169715353
768055773612306
134273368736040
817786072474779
834283016394101
780509213292246
489323580538277
278641368451548
518884048920815
291298351865624
720476833554320
463055216595055
616918136227445
534469010300072
226003166684155
264523154666154
662320446545531
317110830092443
649872502417764
600267914282026
559451041429185
480284178279728
879990868273407
245985455412681
795873993813276
939334973278154
750124950201993
830899512508406
230872265211790
413028659594753
187615624093631
687370750509459
454495144172366
939345815188489
751114586252140
908172635401928
564738291056374
782910564738201
319475820164937
650192837465019
274650193847562
819273645019283
430192847561029
975310864209751
601928374650192
845019273645810
192837465091827
710293846501928
563920184756391
284756019283746
930182746501928
657483920184756
120394857610293
489201736450192
736450192837465
250918374650918
874650192837401
301928746501293
948201736450918
612039485761029
783920184756102
465019283746501
209384756102938
950182736450192
314650192837465
728394650192837
546019283746590
890123746501928
172839465019283
639201847561029
458761029384756
283746501928374
760192837465102
592018374650918
847561029384750
193847561029384
675019283746192
284750192837465
901283746501928
356019283746510
720394857610294
489561029384756
162839475610293
938475610293847
574839201847561
210394857610295
864750192837466
301847561029385
759201837465103
482910374650919
918273645019284
640192837465104
273645019283747
805192837465105
519283746501929